0.503096
0.332824
-0.0325933
-0.377687
-0.483715
-0.285535
0.0933051
0.412187
0.472525

0.503096 0.332824 -0.0325933 -0.377687 -0.483715 -0.285535 0.0933051 0.412187 0.472525 
0.332824 0.503096 0.332824 -0.0325933 -0.377687 -0.483715 -0.285535 0.0933051 0.412187 
-0.0325933 0.332824 0.503096 0.332824 -0.0325933 -0.377687 -0.483715 -0.285535 0.0933051 
-0.377687 -0.0325933 0.332824 0.503096 0.332824 -0.0325933 -0.377687 -0.483715 -0.285535 
-0.483715 -0.377687 -0.0325933 0.332824 0.503096 0.332824 -0.0325933 -0.377687 -0.483715 
-0.285535 -0.483715 -0.377687 -0.0325933 0.332824 0.503096 0.332824 -0.0325933 -0.377687 
0.0933051 -0.285535 -0.483715 -0.377687 -0.0325933 0.332824 0.503096 0.332824 -0.0325933 
0.412187 0.0933051 -0.285535 -0.483715 -0.377687 -0.0325933 0.332824 0.503096 0.332824 
0.472525 0.412187 0.0933051 -0.285535 -0.483715 -0.377687 -0.0325933 0.332824 0.503096 

a:
1
-0.16057
0.0254952
0.1942
0.240401
0.135632
-0.0547906
-0.210085
-0.23339
